1 4 3 9
2 5 1 101
3 24 7 341
4 2 1 35
5 18 2 149
6 1 2 93
7 27 1 38
8 1 1 35
9 3 2 135
10 13 4 515
11 23 10 805
12 8 1 119
13 5 2 24
14 45 13 36
15 49 9 57
16 7 2 66
17 2 4 114
18 14 6 484
19 11 1 444
20 2 2 184
21 7 0 6
22 42 8 102
23 22 11 639
24 13 3 103
25 32 9 112
26 13 4 66
27 12 2 151
28 105 19 324
29 10 1 324
30 5 4 439
31 5 0 246
32 21 4 151
33 3 2 14
34 10 4 152
35 14 4 71
36 54 9 183
37 10 4 9
38 4 2 740
39 3 2 19
40 14 4 436
41 17 9 15
42 11 20 332
43 4 2 123
44 13 3 101
45 14 3 581
46 74 18 104
47 8 2 773
48 14 2 176
49 15 2 552
50 45 10 41
51 8 2 306
52 14 4 126
53 40 15 147
54 4 3 222
55 13 3 74
56 28 12 349
57 2 3 42
58 9 2 150
59 11 4 27
60 118 12 65
61 11 2 162
62 28 8 44
63 6 3 110
64 17 3 27
65 16 7 208
66 11 4 448
67 79 13 150
68 20 7 5
69 5 1 38
70 13 3 38
71 17 3 146
72 14 6 327
73 27 4 121
74 31 4 44
75 89 11 455
76 7 6 85
77 11 3 176
78 17 5 54
79 26 9 324
80 13 1 75
81 8 2 17
82 19 6 99
83 10 3 30
84 12 3 106
85 17 4 170
86 13 2 792
87 25 5 19
88 29 7 57
89 14 4 84
90 5 3 336
91 20 8 53
92 8 3 7
93 8 3 112
94 7 4 83
95 5 0 102
96 14 4 186
97 53 10 11
98 8 2 110
99 20 12 519
100 22 4 81