1 3 3 886
2 68 19 19
3 20 5 208
4 126 21 29
5 137 28 4
6 19 7 115
7 4 3 526
8 115 15 115
9 58 34 120
10 9 2 14
11 2 2 164
12 26 10 149
13 12 3 768
14 8 5 188
15 9 2 188
16 121 36 150
17 20 6 36
18 2 1 31
19 7 6 245
20 12 14 295
21 5 2 558
22 3 2 23
23 3 2 367
24 13 2 77
25 25 5 74
26 2 1 66
27 14 6 616
28 7 3 172
29 1 0 1
30 6 1 108
31 13 3 60
32 17 2 29
33 32 3 412
34 18 3 616
35 13 4 639
36 1 2 227
37 4 4 71
38 15 3 215
39 6 3 104
40 40 8 69
41 2 0 37
42 117 16 205
43 2 1 588
44 19 4 719
45 30 7 282
46 8 4 22
47 61 17 13
48 1 1 47
49 21 4 28
50 7 8 27
51 5 4 67
52 6 5 10
53 2 2 56
54 3 3 77
55 28 6 56
56 56 20 56
57 3 0 48
58 22 12 79
59 14 3 208
60 30 2 38
61 6 2 305
62 4 3 699
63 17 9 88
64 2 2 988
65 6 2 78
66 25 4 47
67 2 3 20
68 2 13 198
69 4 1 29
70 6 1 8
71 5 1 906
72 2 4 20
73 17 7 139
74 54 16 50
75 26 9 123
76 48 16 862
77 41 7 581
78 4 5 104
79 10 4 796
80 4 2 264
81 16 5 45
82 23 19 23
83 33 2 241
84 33 24 399
85 60 10 906
86 30 12 16
87 6 4 283
88 7 2 326
89 50 10 69
90 30 13 616
91 10 3 104
92 10 2 216
93 2 1 260
94 15 5 62
95 8 2 282
96 11 3 711
97 6 1 162
98 14 2 78
99 26 8 80
100 29 11 14
