1 2 0 708
2 1 0 1395
3 31 15 4681
4 16 3 191
5 77 13 224
6 7 8 11
7 1 1 274
8 6 1 148
9 1 1 904
10 1 1 195
11 1 1 904
12 1 0 716
13 1 0 716
14 1 4 167 
15 9 1 374
16 10 3 28
17 4 2 935
18 61 13 383
19 43 3 5654
20 10 10 49
21 142 58 347
22 18 3 148
23 5 7 26
24 2 3 290
25 162 42 333
26 497 140 133
27 61 22 126
28 19 3 101
29 4 2 166
30 37 11 194
31 15 2 54
32 6 3 1294
33 7 6 127
34 11 2 194
35 12 7 348
36 308 201 170
37 42 12 766
38 81 37 17
39 42 10 551
40 23 7 195
41 13 2 41
42 9 2 43
43 35 12 776
44 4 2 663
45 15 6 60
46 5 2 33
47 13 5 347
48 168 42 2650
49 15 20 1077
50 41 9 11
51 91 21 144
52 7 8 133
53 4 3 197
54 25 6 16
55 2 4 51
56 4 2 157
57 14 7 312
58 97 16 207
59 25 3 51
60 12 9 274
61 962 162 557
62 7 4 360
63 18 7 86
64 5 3 29
65 11 2 55
66 9 7 390
67 4 4 14
68 35 10 1234
69 3 2 326
70 8 7 572
71 5 8 76
72 8 4 34
73 7 7 10
74 9 6 290
75 13 2 717
76 57 12 145
77 16 6 37
78 11 6 1
79 2 2 11
80 10 4 18
81 66 23 207
82 9 3 395
83 7 2 436
84 2 2 157
85 21 5 189
86 6 2 626
87 73 15 313
88 5 2 6
89 18 9 89
90 27 2 81
91 782 338 376
92 12 8 138
93 7 2 895
94 51 15 41
95 184 21 72
96 10 4 1
97 2 2 9
98 3 2 121
99 3 2 60
100 3 1 48
