1 58 32 108
2 32 8 26
3 26 7 38
4 35 8 233
5 105 19 33
6 98 22 24
7 15 4 6
8 27 6 57
9 23 5 10
10 17 5 125
11 63 9 122
12 32 9 224
13 35 10 644
14 35 8 248
15 28 6 83
16 90 22 26
17 20 6 183
18 59 20 28
19 68 12 16
20 40 9 251
21 17 5 76
22 37 12 111
23 122 18 381
24 86 26 340
25 11 6 19
26 65 15 141
27 24 4 154
28 40 6 935
29 15 8 83
30 12 7 4
31 10 4 46
32 20 6 215
33 103 10 3
34 27 10 185
35 76 20 633
36 13 4 13
37 54 25 129
38 52 12 23
39 101 21 222
40 18 6 303
41 21 8 209
42 26 6 41
43 29 5 26
44 4 6 47
45 23 7 133
46 29 12 138
47 11 7 342
48 9 4 110
49 35 7 14
50 30 6 339
51 18 10 214
52 26 10 108
53 17 7 21
54 26 7 674
55 17 9 617
56 86 19 20
57 39 9 6
58 12 5 460
59 15 5 601
60 15 5 39
61 53 10 69
62 57 15 84
63 18 4 190
64 64 5 619
65 133 20 97 
66 16 11 23
67 18 10 12
68 3 5 54
69 15 8 36
70 15 5 15
71 30 4 43
72 66 17 114
73 7 6 3
74 60 18 150
75 59 6 39
76 29 9 88
77 25 12 2
78 35 7 21
79 8 6 45
80 59 8 13
81 14 4 47
82 16 4 270
83 29 7 125
84 55 17 260
85 36 17 14
86 25 4 523 
87 33 4 291
88 17 6 72
89 30 5 28
90 134 30 193
91 21 5 38
92 13 5 30
93 34 8 63
94 22 6 129
95 17 5 156
96 10 7 1
97 6 5 471
98 17 5 140
99 8 8 10
100 21 4 173